 Tabs: Tremolo

Verse 1:

11 11 12 13 9 10 11 11 11 12 13
10 11 12 12 11 9 12 11 12 6 9 10
9 10 11 11 12 13 14 16 15 15 11 12 13
10 11 12 11 12 15 15
10 11 12 11 12 18 18 15 16 15 18 17 18 15 16 15
15 16 13 13 9 14 14 13 9 9 11 10
11 12 13 15 16 15 18 17 18 15 16 15
15 16 13 13 9 14 14 13 13 15 16 15

Verse 2:

11 11 12 13 9 10 11 11 11 12 13
10 11 12 12 11 9 11 9 9 10
9 10 11 11 12 13 14 16 15 15 11 12 13
10 11 12 11 12 15 15 10 11 12 11 12 18 18
15 16 15 18 17 18 15 16 15
15 16 13 13 9 14 14 13 9 9 11 10
11 12 13 15 16 15 18 17 18 15 16 15
15 16 13 13 9 14 14 13 13 15 16 15

Verse 3:

14 14 14 16 16 14 13 13 11 9
9 10 11 12 11 12 11 12 11 12 11 12 18 18
15 16 15 18 17 18 15 16 15
15 16 13 13 9 14 14 13 9 9 11 10
11 12 13 15 16 15 18 17 18 15 16 15
15 16 13 13 9 14 14 13 13 15 16 15
12 12 14 13 9 12 9 10 11 9

Tabs : Diatonic

Verse 1:

  5 5 -5 6 4 -4 5 5 5 -5 6
 -4 5 -5 -5 5 4 -5 5 -5 -3" 4 -4
 4 -4 5 5 -5 6 -6 -7 7 7 5 -5 6
 -4 5 -5 5 -5 7 7
 -4 5 -5 5 -5 -8 -8 7 -7 7 -8 8 -8 7 -7 7
 7 -7 6 6 4 -6 -6 6 4 4 5 -4
 5 -5 6 7 -7 7 -8 8 -8 7 -7 7
 7 -7 6 6 4 -6 -6 6 6 7 -7 7

Verse 2:

 5 5 -5 6 4 -4 5 5 5 -5 6
 -4 5 -5 -5 5 4 5 4 4 -4
 4 -4 5 5 -5 6 -6 -7 7 7 5 -5 6
 -4 5 -5 5 -5 7 7 -4 5 -5 5 -5 -8 -8
 7 -7 7 -8 8 -8 7 -7 7
 7 -7 6 6 4 -6 -6 6 4 4 5 -4
 5 -5 6 7 -7 7 -8 8 -8 7 -7 7
 7 -7 6 6 4 -6 -6 6 6 7 -7 7

Verse 3:

 -6 -6 -6 -7 -7 -6 6 6 5 4
 4 -4 5 -5 5 -5 5 -5 5 -5 5 -5 -8 -8
 7 -7 7 -8 8 -8 7 -7 7
 7 -7 6 6 4 -6 -6 6 4 4 5 -4
 5 -5 6 7 -7 7 -8 8 -8 7 -7 7
 7 -7 6 6 4 -6 -6 6 6 7 -7 7
 -5 -5 -6 6 4 -5 4 -4 5 4

Read more: http://www.theharmonica.net/2012/10/harmonica-tab-proud-of-you.html#ixzz4IWdPbXmv
